75,5
76,7
76,6
76,5
76,4
76,1
76,8
76,3
75,4
75,1
75,6
75,3
10,254
10,112
10,236
10,26
10,261
10,292
10,163
10,28
10,3
9,7
8,4
8,14
8,9
8,13
20,3
20,2
20,1
19,3
19,2
19,1
18,3
18,1
14,3
14,1
2,2
13,3
2,1
13,1
12,3
2,3
12,2
12,1
11,28
11,27
11,26
11,25
11,24
11,23
11,22
11,21
11,20
11,19
11,18
11,17
11,16
11,15
11,14
11,13
11,12
11,11
11,10
11,9
11,8
11,7
11,6
11,5
11,4
11,3
11,2
11,1
10,302
10,259
10,250
10,213
10,212
10,209
10,117
10,101
10,89
10,21
10,1
10,12
10,2
9,6
9,1
9,4
9,3
9,2
8,18
8,12
8,7
8,6
8,1
8,5
8,3
8,2
3,3
3,2
3,1
0,0
78,34
78,33
78,32
78,31
78,30
78,29
78,28
